’498

1160016006 660661006, 6001. 1525
Ι. 187.

Georgius 66 66006, 6001. 1524 Ι.
180.

Dom. 0611161606 66 61066100,
scol. 1502 Ι. 154.

1606006 66 66066100, 6061. 1474
Ι. 120.

5611110066 66 600661οο, 1001. 1466
1. 106.

Dom. 60060066 66 61066100, 6001.
1502 I. 154.

Johannes 6606616006, 6001. 1526
I. 188.

Martinus de 66066106, 6001. 1465
Ι. 101.

Martinus de 6., 6661. 1516 Ι. 164.

1116111606 66 6., 6001. 1476 Ι. 127.

1161116116 66 6611661110, 6001. 1476
ΙΙ. 115.

Μ1011661 66 66066, 6001. 1524 Ι.
161. ,

11ίο01606 66 66066166, 6001. 1472
Ι. 116; 11600. 1475 1. 75;
1060. 1478 Ι. 44, 76.

1110011106 66 66066100, 6001. 1513
Ι. 108.

66160110 66 66066100, scol. 1486
ΙΙ. 163.

Seraphin de 66066100 Unger..
6061. 1513 Ι. 166.

Stephanus 66 66066100, scol. 1453
11. 66.

Stephanus de 60066100, 06066110-
1010101 prepositi ecclesie Alben-
616, 6001. 1466111. 165.

Stephanus de 66066100, 6001. 1512
I. 107.

Stephanus 6666066106, 6001. 1512
Ι. 167.

61666006 66 66066106, 6061. 1516

·Ι. 108.

Stephanus 66 66066100, 6001. 1565
ΙΙ. 191.

Stephanus 660661006 Ηο0061.,
scol· 1549 Ι. 202.

’11100166 66 66066106, 6001. 1563 ¹

1. 156.

1. Ρ6101, Ρ6111, Benedicti, 11016 1

116, Feyee, Kerentes, 06110161.
8011061, 806, Zakan ( ).

66 0666 (6011666).
6160016006 Presbyter [de] 660661,
6001. 15161. 175.
1110066166 6., 6001. 1465 1. 167.

66066111ε 6006665010.
66066166 = 61616166.
6606111 = 0606610οι0.
86 y.
1060066 6661161160616110110, scol,
1000 ΙΙ. 307.

86 1 d 6 1 1 116.
60616666. 6110611616 siles.. scol.
11141. 602, 661.
Η16160101066.1116661106 61166, 6001.
1588 II. 304.

80161101.
6060066 6. 1106611116 1016161111,

160010 6106. 1664 Π. 216.
80 01 61 (8601161).
6516116016. siles„ 11606. 15561.
203; 611 61 med. doctor 1556
Ι. 208.

8611116101 (8611160161).
60061106 6. 66 80010010, 6001.
1416 1. ¹213 6600. 1411 1. 75.

Seyst.

Paulus S. 66 0111101166, 6001. 14ῖ5

I. 124.

8611616601 1. 8601161666.
6616611106 = 66160116.
6616606006 = 6011616160.
86 110 6 r.
Georgius 6. 60101161160616 siles..
6001. 1567 II. 304.

66 1 1 61 0 10 (616106, 666160).
Benedictus 66 6611616, 11600. 1455
Ι. 00.
Marcus de 6611610, 6001. 146611.
1 1 3.

 

